use_clik = T
clik_params_SPT= %DATASETDIR%SPT3G_Y1_EETE.paramnames
clik_data_SPT = %DATASETDIR%clik/spt3g_Y1_v3_EETE.clik
clik_speed_SPT = 5


# Set parameters unique to the analysis
#SPT3G_Y1_EETE_aberration_coefficient = -0.0004826 hard coded in .clik file

nonlinear_pk = T
# Set ranges for nuisance parameters
# Centre Min Max Start_width Propose_width
param[Kappa] = 0.0 -0.01 0.01 0.00045 0.00045

param[Dl_Poisson_90x90] = 0.1 0.0 5.0 0.01 0.01
param[Dl_Poisson_90x150] = 0.1 0.0 5.0 0.01 0.01
param[Dl_Poisson_90x220] = 0.1 0.0 5.0 0.01 0.01
param[Dl_Poisson_150x150] = 0.1 0.0 5.0 0.01 0.01
param[Dl_Poisson_150x220] = 0.1 0.0 5.0 0.01 0.01
param[Dl_Poisson_220x220] = 0.1 0.0 5.0 0.01 0.01

param[TDust] = 19.6
param[ADust_TE_150] = 0.1647 0.0 2.0 0.01 0.01
param[BetaDust_TE] = 1.59
param[AlphaDust_TE] = -2.42 -5.0 0.0 0.01 0.01
param[ADust_EE_150] = 0.0236 0.0 2.0 0.01 0.01
param[BetaDust_EE] = 1.59
param[AlphaDust_EE] = -2.42 -5.0 0.0 0.01 0.01

param[MapTcal90] = 1.0 0.85 1.15 0.01 0.01
param[MapTcal150] = 1.0 0.85 1.15 0.01 0.01
param[MapTcal220] = 1.0 0.85 1.15 0.01 0.01

param[MapPcal90] = 1.0 0.85 1.15 0.01 0.01
param[MapPcal150] = 1.0 0.85 1.15 0.01 0.01
param[MapPcal220] = 1.0 0.85 1.15 0.01 0.01


prior[Dl_Poisson_90x90] = 0.040469 0.012141
prior[Dl_Poisson_90x150] = 0.018048 0.005414
prior[Dl_Poisson_90x220] = 0.015719 0.004716
prior[Dl_Poisson_150x150] = 0.011495 0.003448
prior[Dl_Poisson_150x220] = 0.018962 0.005689
prior[Dl_Poisson_220x220] = 0.047557 0.014267
prior[ADust_EE_150] = 0.095 0.012
prior[ADust_TE_150] = 0.184 0.072



